url_path,views_total,views_unique
/rapier1/hpn-ssh,104,74
/rapier1/hpn-ssh/releases/tag/hpn-18.6.0,15,13
/rapier1/hpn-ssh/releases,14,9
/rapier1/hpn-ssh/issues,12,6
/rapier1/hpn-ssh/issues/87,10,7
/rapier1/hpn-ssh/issues/89,5,4
/rapier1/hpn-ssh/blob/master/INSTALL,4,4
/rapier1/hpn-ssh/issues/108,3,3
/rapier1/hpn-ssh/tags,3,3
/rapier1/hpn-ssh/blob/master/hpnsftp.1,2,2
