url_path,views_total,views_unique
/rapier1/hpn-ssh,151,106
/rapier1/hpn-ssh/releases,29,17
/rapier1/hpn-ssh/releases/tag/hpn-18.4.1,15,13
/rapier1/hpn-ssh/tags,14,5
/rapier1/hpn-ssh/blob/master/INSTALL,13,6
/rapier1/hpn-ssh/issues,13,5
/rapier1/hpn-ssh/issues/85,9,6
/rapier1/hpn-ssh/wiki/Installation-on-Proxmox-8.x,8,6
/rapier1/hpn-ssh/tree/github-repo-stats/rapier1/hpn-ssh/ghrs-data,8,1
/rapier1/hpn-ssh/discussions/82,7,2
