url_path,views_total,views_unique
/rapier1/hpn-ssh,55,47
/rapier1/hpn-ssh/tags,33,13
/rapier1/hpn-ssh/issues,10,6
/rapier1/hpn-ssh/releases,6,5
/rapier1/hpn-ssh/discussions,5,5
/rapier1/hpn-ssh/issues/145,4,2
/rapier1/hpn-ssh/pulls,3,3
/rapier1/hpn-ssh/blob/master/moduli,3,2
/rapier1/hpn-ssh/actions/runs/24970127285/job/73111539449,3,1
/rapier1/hpn-ssh/blob/master/HPN-README,2,2
